0.0 0.0 -0.015354480594396591
-0.8296738792097051 0.1834288516064876 -87.6594009399414
-442.65902308613886 -30.449531817931188 47.059322357177734
-374.32894439191597 -479.49042577486404 136.56124877929688
0.8358199244765352 -0.1847876530023927 87.6596450805664
131.89030090182106 -423.2406647138924 149.43406677246094
579.7005195968032 -347.26216688488637 301.979736328125
-6.531713670551068 16.474128048544067 -123.6796646118164
-101.28384618557504 255.45563315690035 -182.75027465820312
-200.10344900063998 325.50677875404824 -161.51744079589844
-289.737329719532 397.55375944908803 -189.19827270507812
-84.54659189500734 405.55535074095144 -60.47716522216797
-299.7822293219034 228.22042811870605 96.63987731933594
-401.0002964118427 458.70447484336887 13.262271881103516
-118.02110047614163 105.3559155728421 -263.8734436035156
-326.74067416730156 -79.60406376912354 -225.87786865234375
-408.32591512600516 158.53841744267118 -50.46723556518555
