0.0 0.0 0.10350095480680466
4.037780289710866 0.07202645822863138 16.77875328063965
-16.169114009884186 -442.35676275283186 16.84697914123535
-44.147720417886035 -895.7042251737282 -20.736494064331055
-3.847861756294178 -0.06863866633989554 -16.778507232666016
18.16883910337333 -442.4110591770297 -20.195831298828125
31.908799504664884 -896.4131930796918 -20.665067672729492
-0.23028817787659836 31.832548219219184 -2.9214041233062744
-2.0900493007118808 288.90582121461637 -28.40796661376953
-3.5239028388668725 410.0273344318443 -36.90370178222656
-1.5127805393101235 525.0097478136142 16.13605308532715
-153.1132743319996 290.3363459956059 -60.938411712646484
-286.3150901985902 535.349265348533 -325.2139587402344
-175.3458831424182 761.3002068940916 -437.463623046875
148.93317573057584 287.47529643362685 -2.466993808746338
276.95910286296476 535.232065023086 -155.69717407226562
168.82049778832268 762.5513008842656 -123.87307739257812
