0.0 0.0 -0.08653968572616577
-1.9910284199062496 -0.10292427006522942 -62.643959045410156
-434.5825953715598 -95.05600901360047 37.64231872558594
-282.3180076112237 -522.9838293456922 55.751365661621094
2.0407991153080363 0.10549711756637609 62.64419937133789
271.3899051780085 -351.4661330849062 144.0355682373047
582.4133810899095 -20.45084411522862 70.92805480957031
-11.148093122962806 14.79683862676267 -91.73112487792969
-165.84389495117966 220.1242242739896 -122.1765365600586
-269.6007017739684 282.63023948803516 -48.978172302246094
-363.4777988414969 349.0538094476047 -91.34046936035156
-14.855869123824448 223.68469569753805 -19.173612594604492
-208.33579047837614 22.83755373968873 198.7389678955078
-380.35083586707253 206.62769781690733 176.53541564941406
-316.83192077853494 216.5637528504411 -172.13058471679688
-501.44814088666453 7.54005641152861 -112.2488021850586
-580.5386715290159 246.52265172489294 147.67660522460938
