0.0 0.0 0.04280927777290344
-1.615660865345537 -0.05931352860319172 -99.72914123535156
-295.7590792141107 -331.16534117247335 -49.57920455932617
-228.48019345493134 -780.3649355968266 -9.53226089477539
1.6453797531659387 0.06040455713560186 99.72926330566406
-88.72857823601059 -433.51092731037915 206.5026092529297
230.87424428223528 -110.77146592028106 130.92543029785156
-20.171227790132985 11.965045292756605 -92.07173156738281
-241.27858640132862 143.12015334417833 -165.4322509765625
-361.4212525588649 158.55442263555642 -126.85123443603516
-473.23312157320936 185.44505199820003 -167.64315795898438
-174.83817374511545 278.75102175573176 -48.10451126098633
-130.9888043757369 3.339897786659435 74.97659301757812
-146.04883771461664 -247.93920658899668 129.51858520507812
-307.71899905754174 7.489284932624997 -238.73809814453125
-263.7986093596478 -267.910522200178 -210.07225036621094
-272.5812845048538 -519.4872649990577 -76.94478607177734
