0.0 0.0 0.036277737468481064
4.196441647322064 -0.0844321554395127 6.7247633934021
-21.171251181976874 -442.24733455739175 28.54875373840332
-53.741677692002426 -895.2880517307547 20.3239803314209
-3.9976062037706246 0.08043159818464586 -6.724617004394531
17.937100174775537 -442.2660624040702 -12.043731689453125
27.501001043203672 -896.3753619126566 21.116718292236328
-0.34738924271327615 34.4438779320748 -33.019187927246094
-2.940078860012104 291.51080377153073 -79.94913482666016
-0.5325345499192324 412.61687558626227 -97.64008331298828
3.46300093554579 527.5474446102796 -56.25422668457031
-153.67749758667662 282.11444832794507 -75.81820678710938
-432.3262155083194 270.75899146242057 -150.0588836669922
-612.7438791365196 446.3080146751449 -305.52294921875
147.7973398666524 300.9071592151164 -46.64575958251953
425.8011825537022 322.996021821282 -89.9454345703125
617.3735477861518 486.2994871220676 -122.69294738769531
